0 0
500 585077
1000 3161272
1500 7976289
2000 14745008
2500 23597671
3000 34506009
3500 49986158
4000 64945418
4500 81716490
5000 100620926
5500 121631582
6000 145112452
6500 170665617
7000 198575754
7500 228815927
8000 261000837
8500 295896539
9000 332019986
9500 370484414
10000 410737044
10500 410762362
11000 410772026
11500 410780795
12000 410789099
12500 410797308
13000 410805528
13500 410813721
14000 410821933
14500 410830069
15000 410838273
15500 410846463
16000 410854674
16500 410862880
17000 410871143
17500 410879334
18000 410887534
18500 410895724
19000 410903917
19500 410912118
20000 410920376
