0 0
500 85954
1000 187904
1500 293248
2000 399002
2500 521358
3000 639833
3500 757105
4000 871793
4500 1002446
5000 1135401
5500 1268939
6000 1402426
6500 1534973
7000 1667974
7500 1801356
8000 1938817
8500 2083553
9000 2232508
9500 2382532
10000 2533024
10500 2551017
11000 2569568
11500 2586655
12000 2603680
12500 2620739
13000 2637813
13500 2656241
14000 2673969
14500 2691199
15000 2708210
15500 2725234
16000 2742176
16500 2760565
17000 2777534
17500 2794495
18000 2811448
18500 2828420
19000 2846760
19500 2863715
20000 2880670
