0 0
500 34174
1000 73923
1500 111602
2000 145347
2500 175237
3000 206034
3500 236681
4000 267005
4500 296928
5000 328661
5500 359593
6000 389149
6500 419141
7000 449147
7500 480793
8000 511074
8500 542607
9000 572991
9500 602416
10000 632384
10500 705474
11000 735204
11500 763294
12000 791253
12500 819232
13000 847199
13500 875151
14000 903126
14500 931077
15000 959065
15500 987044
16000 1014998
16500 1042986
17000 1070995
17500 1098970
18000 1126934
18500 1154925
19000 1182908
19500 1210878
20000 1238859
