0 0
500 27315
1000 57123
1500 82369
2000 107007
2500 131552
3000 156112
3500 182440
4000 207719
4500 232311
5000 256848
5500 281271
6000 305751
6500 330256
7000 354765
7500 379204
8000 415317
8500 442751
9000 467560
9500 497449
10000 529651
10500 538380
11000 546597
11500 560159
12000 568245
12500 576314
13000 586516
13500 595113
14000 603381
14500 611577
15000 619762
15500 627920
16000 636048
16500 644072
17000 652107
17500 660125
18000 668144
18500 676138
19000 684143
19500 692148
20000 700167
