0 0
500 49351
1000 102595
1500 220379
2000 239765
2500 256818
3000 476917
3500 497062
4000 514213
4500 531255
5000 548334
5500 1048734
6000 1069906
6500 1087157
7000 1104204
7500 1121317
8000 1138384
8500 1155450
9000 1172525
9500 1189612
10000 1206897
10500 1222459
11000 1237812
11500 1253132
12000 1268452
12500 1284085
13000 1299500
13500 1314857
14000 1330238
14500 1345606
15000 1360979
15500 1376392
16000 1391714
16500 1407111
17000 1422535
17500 1437831
18000 1453276
18500 1468594
19000 1484020
19500 1499376
20000 1514765
