0 0
500 29263
1000 59541
1500 86640
2000 113901
2500 141091
3000 168040
3500 194958
4000 221956
4500 249031
5000 276083
5500 303053
6000 331362
6500 359535
7000 387640
7500 415742
8000 443857
8500 471942
9000 500081
9500 528176
10000 556300
10500 615177
11000 626690
11500 637043
12000 647301
12500 657560
13000 667798
13500 678047
14000 688302
14500 698539
15000 708789
15500 718994
16000 729235
16500 739471
17000 749692
17500 759930
18000 770170
18500 780385
19000 790623
19500 800831
20000 811065
